39.93
39.917
39.904
39.892
39.879
39.866
39.853
39.84
39.828
39.815
39.802
39.789
39.776
39.764
39.751
39.738
39.725
39.712
39.7
39.687
39.674
39.661
39.648
39.636
39.623
39.61
39.597
39.584
39.572
39.559
39.546
39.533
39.52
39.508
39.495
39.482
39.469
39.456
39.444
39.431
39.418
39.405
39.392
39.38
39.367
39.354
39.341
39.328
39.316
39.303
39.29
39.277
39.264
39.252
39.239
39.226
39.213
39.2
39.188
39.175
39.162
39.149
39.137
39.124
39.111
39.098
39.085
39.073
39.06
39.047
39.034
39.021
39.009
38.996
38.983
38.97
38.957
38.945
38.932
38.919
38.906
38.893
38.881
38.868
38.855
38.842
38.829
38.817
38.804
38.791
38.778
38.765
38.753
38.74
38.727
38.714
38.701
38.689
38.676
38.663
38.65
38.637
38.625
38.612
38.599
38.586
38.573
38.561
38.548
38.535
38.522
38.509
38.497
38.484
38.471
38.458
38.445
38.433
38.42
38.407
38.394
38.381
38.369
38.356
38.343
38.33
38.317
38.305
38.292
38.279
38.266
38.253
38.241
38.228
38.215
38.202
38.189
38.177
38.164
38.151
38.138
38.125
38.113
38.1
38.087
38.074
38.061
38.049
38.036
38.023
38.01
37.997
37.985
37.972
37.959
37.946
37.933
37.921
37.908
37.895
37.882
37.869
37.857
37.844
37.831
37.818
37.805
37.793
37.78
37.767
37.754
37.741
37.729
37.716
37.703
37.69
37.678
37.665
37.652
37.639
37.626
37.614
37.601
37.588
37.575
37.562
37.55
37.537
37.524
37.511
37.498
37.486
37.473
37.46
37.447
37.434
37.422
37.409
37.396
37.383
37.37
37.358
37.345
37.332
37.319
37.306
37.294
37.281
37.268
37.255
37.242
37.23
37.217
37.204
37.191
37.178
37.166
37.153
37.14
37.127
37.114
37.102
37.089
37.076
37.063
37.05
37.038
37.025
37.012
36.999
36.986
36.974
36.961
36.948
36.935
36.922
36.91
36.897
36.884
36.871
36.858
36.846
36.833
36.82
36.807
36.794
36.782
36.769
36.756
36.743
36.73
36.718
36.705
36.692
36.679
36.666
36.654
36.641
36.628
36.615
36.602
36.59
36.577
36.564
36.551
36.538
36.526
36.513
36.5
36.487
36.474
36.462
36.449
36.436
36.423
36.41
36.398
36.385
36.372
36.359
36.346
36.334
36.321
36.308
36.295
36.282
36.27
36.257
36.244
36.231
36.219
36.206
36.193
36.18
36.167
36.155
36.142
36.129
36.116
36.103
36.091
36.078
36.065
36.052
36.039
36.027
36.014
36.001
35.988
35.975
35.963
35.95
35.937
35.924
35.911
35.899
35.886
35.873
35.86
35.847
35.835
35.822
35.809
35.796
35.783
35.771
35.758
35.745
35.732
35.719
35.707
35.694
35.681
35.668
35.655
35.643
35.63
35.617
35.604
35.591
35.579
35.566
35.553
35.54
35.527
35.515
35.502
35.489
35.476
35.463
35.451
35.438
35.425
35.412
35.399
35.387
35.374
35.361
35.348
35.335
35.323
35.31
35.297
35.284
35.271
35.259
35.246
35.233
35.22
35.207
35.195
35.182
35.169
35.156
35.143
35.131
35.118
35.105
35.092
35.079
35.067
35.054
35.041
35.028
35.015
35.003
34.99
34.977
34.964
34.951
34.939
34.926
34.913
34.9
34.887
34.875
34.862
34.849
34.836
34.823
34.811
34.798
34.785
34.772
34.76
34.747
34.734
34.721
34.708
34.696
34.683
34.67
34.657
34.644
34.632
34.619
34.606
34.593
34.58
34.568
34.555
34.542
34.529
34.516
34.504
34.491
34.478
34.465
34.452
34.44
34.427
34.414
34.401
34.388
34.376
34.363
34.35
34.337
34.324
34.312
34.299
34.286
34.273
34.26
34.248
34.235
34.222
34.209
34.196
34.184
34.171
34.158
34.145
34.132
34.12
34.107
34.094
34.081
34.068
34.056
34.043
34.03
34.03
34.01
33.99
33.97
33.94
33.92
33.9
33.87
33.85
33.83
33.81
33.8
33.6
33.4
33.2
33
32.8
32.6
32.4
32.2
32
