7.2
13.212
14.176
13.496
12.952
12.939
13.077
11.941
14.071
17.809
16.625
12.652
11.007
13.081
18.141
21.53
15.784
14.29
21.174
11.271
13.039
18.513
12.356
29.727
17.722
23.812
9.8172
15.648
16.366
22.839
22.616
29.272
19.28
27.834
23.835
17.551
31.218
32.894
37.652
41.57
42.401
43.434
41.09
46.16
57.18
62.284
51.011
49.985
51.946
52.305
51.507
55.765
46.939
57.347
49.846
44.248
49.392
57.099
66.215
65.326
58.812
56.116
56.765
57.089
51.355
54.258
46.445
44.397
46.452
46.25
49.787
55.184
53.88
67.404
56.924
57.692
62.693
57.172
58.767
49.046
43.586
44.217
47.809
43.915
39.128
52.317
52.28
49.546
53.5
48.023
51.567
56.098
68.225
65.872
66.581
77.712
69.965
71.228
73.073
62.628
69.714
66.487
63.512
53.515
44.186
25.741
16.271
30.024
32.58
44.167
44.561
46.879
37.767
34.564
47.072
53.249
57.061
61.041
64.534
67.524
62.662
57.019
52.192
42.609
34.777
19.545
18.557
16.229
17.115
16.844
17.646
16.525
16.967
15.353
13.805
8.7114
13.172
13.591
14.338
18.178
24.897
21.243
24.866
31.176
30.288
26.434
24.431
22.392
35.642
25.247
28.225
29.805
17.27
26.929
26.502
21.915
25.185
28.525
29.125
34.692
36.66
36.263
42.044
47.611
42.598
32.977
44.615
34.729
47.498
47.242
46.986
46.73
49.971
47.157
50.143
53.129
52.138
58.726
47.722
44.395
41.684
44.692
35.905
48.027
27.133
23.677
29.024
35.039
37.994
34.985
33.708
28.187
18.814
14.51
18.548
11.044
17.699
23.994
26.98
28.783
26.463
25.247
24.062
21.365
17.797
16.77
13.038
10.106
7.4412
6.083
5.0001
3.7044
0.70516
0.98956
1.274
2.9859
4.0583
9.1334
14.219
25.198
27.989
31.38
29.197
26.226
22.775
17.656
16.689
15.852
11.539
8.8514
8.4499
6.8501
5.3423
2.9691
3.8852
5.4968
8.0859
13.93
14.107
14.283
13.663
14.558
18.526
21.039
23.142
18.885
20.229
23.322
26.669
29.613
35.5
40.497
38.467
35.968
33.185
30.401
25.963
19.849
19.317
17.461
16.662
17.074
21.329
17.079
15.095
12.143
8.6094
2.9913
6.3046
12.858
28.006
21.466
17.672
16.52
14.25
25.288
30.564
30.67
32.846
35.414
41.241
40.355
39.918
40.015
42.127
40.082
37.309
29.275
30.115
24.292
23.911
25.828
33.791
42.969
49.021
50.343
52.134
50.662
46.087
39.648
32.001
17.845
10.234
9.9307
8.9202
7.8117
7.83
7.6614
5.772
5.58
4.3061
6.0063
3.0393
0.69291
0.9115
1.0453
2.3252
3.7995
5.4324
7.8824
7.797
7.7117
6.4855
1.8141
0.56035
0.40677
0.31844
0.23312
0.2
0.2
0.2
0.2
0.2
0.2
0.2
0.23709
0.27831
1.3383
0.95358
0.2
0.2
0.37896
0.31497
3.1434
3.126
0.33227
0.82998
0.81447
9.4534
8.6399
12.718
15.922
21.321
22.983
28.082
30.331
35.424
39.755
39.124
32.59
25.711
25.206
19.662
17.451
11.644
7.2453
3.1868
6.6558
10.125
12.996
13.476
13.956
14.343
13.575
12.807
12.039
11.28
10.563
9.8463
9.1296
9.0621
10.833
12.603
14.373
16.144
17.328
18.074
18.821
19.567
20.314
19.89
19.315
18.739
18.163
17.494
16.444
15.395
14.345
13.433
12.857
12.281
11.705
11.129
11.237
11.797
12.357
12.917
13.477
14.037
13.951
12.671
11.391
10.111
8.8317
8.5939
8.8864
9.1789
9.4715
9.764
9.9456
9.664
9.3825
9.1009
9.2605
10.519
11.777
13.036
14.294
14.8
14.8
14.8
14.449
13.707
12.964
12.222
11.212
9.9959
8.78
8.476
9.3292
10.182
11.036
11.889
13.102
14.433
15.764
17.095
18.022
18.875
19.728
20.581
21.118
19.967
18.815
17.663
16.376
14.687
12.997
11.308
9.3046
6.7023
4.1
