7.2
12.75
14.4
14
13.4
13
12.6
13.45
12.9
11.9
13.2
16.85
18.7
16.1
12.8
10.9
11.2
14.15
18.5
22.25
18.6
12.7
14.8
21.55
11.35
11.1
14.35
19.1
8.35
34
24.2
15.15
23.85
8.1
14.333
16.7
16.3
23.233
19.8
26.933
30.4
15.7
19.9
19.2
28.333
26.2
21.6
16.5
31.1
32.7
33.25
40.2
41.7
44.1
35.3
43.9
36.8
42.5
45.9
53.9
66.5
57.9
50
49.6
52.133
51.7
52.55
48.4
51.6
58.3
48.95
45.3
59.8
50.3
46.2
41.2
52.2
46.6
57.65
66.1
66.6
64.1
67.7
56.1
55.3
60
54.6
60.8
54.9
51
54.8
43.2
46.4
47.7
44.6
59.6
51.7
55.5
75
56.5
57.7
68.1
54.2
62.9
55.6
49.5
43.1
44.8
43.4
48.5
38.4
51.1
54.2
42.4
54.5
52.9
45.4
52.1
49.5
51.7
70.65
60.6
66
61.7
63.2
79.9
66.8
79.3
67.7
71.3
71
81.7
71
75.9
62.5
76.167
69.6
77.3
65.7
68.7
59.133
52.3
47
33.2
31.2
16.9
15.95
32.8
26.1
30.6
39.55
46
46.1
44.6
44.55
43.5
47
46.6
38.55
36.25
40.9
29.4
40.5
47.8
52.7
55.75
58.6
61.9
64.3
65.5
68.2
64.4
61.4
56.3
52.9
47.8
35.4
15.6
41.3
26.1
19.4
19.7
16.6
18.3
14.45
17.2
16.8
17.25
18.3
15.6
16.1
20.1
16.6
14.55
13.5
11.3
8.3
13.2
12.7
15.35
14.2
18.2
18.4
18.1
27.2
22.45
19.8
26
23.8
31.2
29.6
31.7
24
30.2
23.45
21
38.6
24.9
25.4
28.3
30.7
15.6
27.2
26.2
21.8
22.9
26.4
30.5
28.2
36.9
36
40.6
49.3
27.5
48.1
25.7
47.5
46.7
52.2
46.2
53.2
51.5
59.2
51.1
42.75
48.3
42.2
40.8
46.8
56.8
34.1
56
34.6
19.3
25
45.7
28.8
38.2
37.6
38.7
34.6
33.3
24.4
12.1
20.4
10.7
23.7
29.3
26.4
23.9
23.9
17.6
19
12
7.9
7
4.8
2.7
0.7
1.3
4.2
2.7
14.2
30.5
26.5
31.8
25.3
25.5
17.5
15.8
12.5
11.3
7.9
8.9
6.4
4.1
2.4
5.8
10.2
13.9
14.3
13.2
19.4
24
18.3
20.4
27.2
26.5
35.7
42.3
37.7
29
16.1
19.6
16.7
16.6
24.8
18
14.9
13.7
10.6
2.8
7
6.3
16.6
33.7
20.8
21.6
15.6
14.4
19.8
11.9
25.7
33.2
29.8
33.2
34
41.9
40.1
39.7
43
40.6
37.5
26.2
32.8
23.7
29
18.8
35.6
50.5
46.1
52.9
51.05
43.9
36.9
31.7
19.2
7.9
10.6
8.9
9.2
7.6
7.9
7.4
5.8
5.5
3.9
7.8
3.6
0.3
1.2
0.7
0.9
2.9
6.6
7.9
7.7
5.5
0.7
0.4
0.2
0.2
0.2
0.2
0.2
0.2
0.2
0.3
0.2
2
0.2
0.2
0.4
0.3
3.2
9
3.1
3.2
0.2
0.9
0.9
0.3
3
11.5
6.2
9.9
12.9
11.4
15.1
18.1
19.6
23.05
20.9
24.2
28
29.4
30.5
29
31.9
37.6
40
43.5
42.1
39.8
36
28.55
24.7
28.1
24.1
25.3
19.9
19.1
25.5
12
14.9
7.3
6.9
2.6
12.9
14.4
11.4
8.6
16.9
20.4
17.7
13.6
10.9
14.4
8.4
10
8.9
14.8
14.8
11.9
8.1
12.1
17.3
21.3
16.8
10.2
4.1
