-48.461
-48.043
-47.625
-47.227
-47.472
-46.585
-45.586
-44.505
-45.515
-44.954
-45.066
-45.127
-46.799
-48.369
-48.308
-47.533
-47.024
-46.493
-46.361
-45.749
-45.311
-45.923
-45.994
-46.575
-45.912
-46.045
-45.637
-45.352
-45.066
-45.321
-45.484
-45.403
-45.046
-45.066
-44.618
-43.731
-42.926
-42.661
-42.966
-43.843
-43.823
-43.833
-43.201
-43.272
-43.649
-43.935
-43.313
-43.914
-44.434
-45.984
-45.148
-44.852
-43.537
-44.108
-44.139
-44.475
-43.975
-43.629
-44.291
-44.689
-44.485
-43.884
-43.323
-43.578
-44.873
-45.882
-46.32
-45.77
-44.811
-44.23
-43.517
-44.73
-44.699
-44.75
-43.802
-44.658
-44.75
-44.815
-45.818
-47.778
-48.216
-47.635
-48.369
-47.469
-47.08
-45.145
-45.734
-45.298
-45.94
-47.332
-47.087
-47.538
-46.904
-47.064
-47.635
-47.217
-46.453
-45.637
-45.841
-45.703
-46.162
-45.696
-45.556
-45.219
-45.688
-47.095
-48.481
-49.404
-48.861
-47.543
-46.626
-46.943
-47.482
-46.025
-44.865
-45.336
-45.344
-45.505
-45.117
-44.771
-44.407
-43.433
-43.448
-42.89
-43.616
-44.343
-44.664
-45.214
-45.107
-45.283
-45.558
