-48.461
-48.116
-47.733
-47.341
-47.37
-47.088
-46.263
-45.321
-44.68
-45.446
-44.968
-45.071
-45.124
-46.607
-48.214
-48.318
-47.696
-47.124
-46.574
-46.377
-45.843
-45.362
-45.784
-45.971
-46.378
-46.134
-45.992
-45.845
-45.528
-45.274
-45.1
-45.353
-45.472
-45.338
-45.051
-44.906
-44.275
-43.333
-42.766
-42.868
-43.658
-43.827
-43.831
-43.393
-43.241
-43.447
-43.745
-43.844
-43.334
-43.868
-44.336
-45.497
-45.459
-44.975
-44.171
-43.762
-44.116
-44.22
-44.341
-43.914
-43.694
-44.293
-44.668
-44.492
-43.968
-43.439
-43.507
-44.397
-45.45
-46.132
-45.999
-45.207
-44.468
-43.796
-44.287
-44.71
-44.734
-44.025
-44.542
-44.749
-44.811
-45.917
-47.108
-47.989
-47.894
-48.111
-47.72
-47.121
-45.165
-45.589
-45.689
-47.112
-47.169
-47.3
-47.007
-47.323
-47.591
-47.085
-46.357
-45.861
-45.763
-45.718
-46.129
-45.676
-45.592
-45.355
-45.529
-46.828
-48.345
-49.361
-48.841
-48.061
-47.196
-46.775
-47.097
-47.409
-46.259
-44.87
-45.337
-45.372
-45.464
-45.279
-44.891
-44.491
-43.555
-43.376
-43.169
-44.156
-44.712
-45.181
-45.229
-45.558
