20.982
20.936
20.89
20.843
20.797
20.751
20.705
20.659
20.613
20.566
20.52
20.474
20.428
20.382
20.335
20.289
20.243
20.197
20.151
20.105
20.058
20.012
19.966
19.92
19.874
19.827
19.781
19.735
19.689
19.643
19.597
19.55
19.504
19.458
19.412
19.366
19.319
19.273
19.227
19.181
19.135
19.088
19.042
18.996
18.95
18.904
18.858
18.811
18.765
18.719
18.673
18.627
18.58
18.534
18.488
18.442
18.396
18.35
18.303
18.257
18.211
18.165
18.119
18.072
18.026
17.98
17.934
17.888
17.842
17.795
17.749
17.703
17.657
17.611
17.564
17.518
17.472
17.426
17.38
17.334
17.287
17.241
17.195
17.149
17.103
17.056
17.01
16.964
16.918
16.872
16.826
16.779
16.733
16.687
16.641
16.595
16.548
16.502
16.456
16.41
16.364
16.317
16.271
16.225
16.179
16.133
16.087
16.04
15.994
15.948
15.902
15.856
15.809
15.763
15.717
15.671
15.625
15.579
15.532
15.486
15.44
15.394
15.348
15.301
15.255
15.209
15.163
15.117
15.071
15.024
14.978
14.932
14.932
14.897
14.86
14.824
14.788
14.749
14.711
14.688
14.669
14.648
14.629
14.612
14.596
14.58
14.565
14.548
