-472.4
-472.6777
-473.6288
-473.4962
-472.7179
-469.8989
-470.604
-473.0338
-474.8994
-477.0432
-478.5
-478.4356
-477.8199
-478.8214
-478.3447
-476.492
-477.3475
-480.9255
-483.1562
-480.9607
-479.4878
-479.4
-477.9066
-478.7367
-481.3877
-482.8493
-481.6577
-480.5119
-480.7728
-482.1094
-481.6808
-481.4469
-481.9502
-482.0495
-480.8173
-480.9925
-482.1614
-482.4
-482.6772
-482.2295
-481.3869
-481.5837
-481.4234
-479.7328
-479.9292
-480.1438
-479.7689
-479.6033
-478.8065
-477.2531
-477.1831
-478.5171
-477.7091
-477.0366
-476.093
-474.4605
-473.2668
-473.2929
-471.9114
-469.9123
-470.2861
-470.0985
-468.5968
-466.1596
-463.9596
-463.6345
-467.6953
-471.4679
-472.0439
-472.496
-473.3637
-474.1648
-472.7215
-469.1959
-469.8501
-473.652
-473.1895
-470.0438
-470.5518
-470.7108
-469.8414
-465.9657
-463.519
-465.3354
-469.7212
-470.4894
-469.0912
-469.8971
-470.7514
-472.0317
-474.8149
-476.086
-475.9296
-474.414
-474.4932
-474.4907
-472.3364
-471.5454
-473.3749
-473.6453
-472.3953
-472.6775
-473.3456
-474.3601
-473.0334
-471.2745
-471.5993
-473.0501
-473.8416
-473.6091
-473.0674
-472.0447
-469.0339
-465.8757
-463.1768
-461.2482
-461.8953
-465.5737
-466.191
-466.6648
-468.0592
-469
