-469.2
-468.0201
-466.826
-464.1056
-462.2051
-458.1367
-459.3334
-462.4806
-461.5985
-460.5855
-461.703
-461.5643
-463.9224
-466.9261
-463.8409
-461.9284
-461.9
-457.7232
-456.9027
-461.1043
-459.7365
-457.0734
-454.983
-457.6594
-461.3339
-460.1633
-459.0708
-463.0563
-463.5
-461.5471
-463.5106
-462.3298
-461.5072
-462.9172
-462.9456
-462.8132
-465.8878
-467.1964
-465.979
-464.9608
-464.9821
-466.3711
-465.9152
-465.9979
-468.7298
-470.6305
-472.3305
-472.3321
-471.1126
-471.076
-470.8473
-471.6385
-473.4705
-472.1798
-472.3912
-475.1065
-475.3081
-472.7256
-470.1114
-472.1517
-470.6823
-469.5757
-472.3349
-473.1199
-473.2
-470.3827
-467.2538
-467.0797
-470.6384
-474.7591
-476.2836
-475.5727
-472.1756
-470.1613
-472.0501
-472.3063
-470.5292
-468.7749
-465.401
-465.2223
-467.7104
-468.3851
-467.4163
-466.8
-468.5751
-467.9112
-466.5253
-470.2741
-472.7642
-471.6376
-468.4695
-466.2395
-461.2207
-456.5859
-462.8549
-468.0342
-468.9501
-469.8885
-467.6986
-464.9513
-467.0768
-467.3694
-466.8
-466.5346
-466.4046
-467.2837
-465.3324
-464.2075
-465.9828
-467.1448
-466.0921
-467.2537
-469.4882
-469.6994
-469.1582
-467.3813
-466.7
-468.4912
-468.4388
-468.2168
-470.6474
-471.8479
-472.4071
-471.9417
-471.3258
-469.1323
-468.4374
-469.6495
-469.7315
-472.0514
-473.3152
-472.5559
-474.1199
-474.1951
-472.0461
-471.5447
-474.2098
-474.6932
-473.3773
-473.4151
-472.0736
-469.7001
-470.1899
-472.4309
-474.2684
-474.3784
-473.0791
-473.3792
-474.8618
-474.5605
-474.7574
-476.8389
-478.4463
-478.1515
-477.7
-477.7
-475.7464
-475.4163
-475.007
-473.1695
-476.1772
-479.7693
-480.0193
-479.9226
-481.3259
-481.1822
-477.026
-473.4216
-473.5758
-473.4376
-475.5531
-477.8045
-472.9353
-470.2849
-475.4577
-477.9336
-475.7063
-474.8513
-476.1911
-475.7043
-474.1278
-474.0213
-474.6203
-473.3199
-472.3583
-472.9476
-469.5309
-465.733
-469.3616
-470.2401
-467.1359
-466.1441
-467.4545
-468.4581
-468.34
-468.6606
-469.7279
-467.1878
-465.516
-465.8317
-465.6335
-466.5039
-463.3917
-461.7068
-465.1358
-465.4105
-461.8762
-461.5838
-463.2596
-460.1726
-462.5629
-464.9003
-463.1292
-463.1686
-463.7231
-466.9238
-471.2924
-471.2944
-467.9567
-467.2
-471.0369
-472.659
-472.1793
-472.9036
-474.0545
-472.1059
-470.7458
-474.6262
-475.8718
-474.543
-474.4371
-471.1325
-466.3869
-467.9109
-469.4175
-469.5
-470.2
-470.1817
-469.6014
-468.3
-468.5772
-470.4287
-472.1554
-472.4073
-472.6584
-472.9079
-473.4036
-474.7
-475.8
-475.7213
-475.1956
-474.3862
-473.4204
-472.5502
-471.2072
-470.624
-471.55
-472.5962
-473.4547
-470.5147
-469.6358
-474.0944
-475.5767
-474.4143
-474.1
-473.9341
-473.0862
-472.0349
-470.1884
-469.8316
-473.1575
-473.974
-473.8117
-477.1389
-478.2687
-475.7997
-474.5652
-472.5999
-470.8918
-469.3842
-467.2113
-466.7697
-465.7865
-465.9515
-466.2031
-465.1642
-464.2004
-464.9932
-467.6399
-468.1758
-467.992
-464.9218
-462.3787
-462.7271
-465.9228
-467.7046
-469.3782
-468.8565
-469.1957
-472.2259
-470.4118
-473.3692
-473.7737
-472.3927
-475.9437
-476.7762
-475.7741
-475.5885
-476.6882
-477.9795
-477.4034
-475.2498
-476.737
-478.2923
-478.4
-478.3146
-476.8176
-477.3746
-477.6
-474.1212
-472.61
-474.2665
-477.08
-475.7585
-472.9925
-475.5942
-475.5241
-473.8577
-473.2543
-473.3678
-475.267
-476.9532
-479.7962
-481.5922
-481.3197
-479.9992
-478.9931
-479.3421
-480.4809
-480.9716
-480.6889
-479.8933
-478.044
-476.7751
-477.4363
-478.1031
-478.7602
-479.3772
-479.651
-478.2211
-474.9515
-475.9836
-480.6011
-482.571
-483.331
-484.1402
-483.1938
-482.9324
-482.9417
-481.98
-480.3639
-478.8029
-477.21
-475.6018
-473.9531
-473
-474.0129
-476.1585
-478.2509
-480.301
-482.2992
-484.2585
-484.7825
-481.0642
-477.7583
-478.9727
-480.1749
-481.2188
-482.2627
-483.6414
-484.4499
-482.9224
-480.4939
-480.7253
-483.0395
-484.8846
-485.9744
-486.7
-486.2907
-484.0438
-479.8396
-477.8004
-478.882
-480.8827
-481
-480.7442
-479.5621
-478.0335
-476.1915
-475.3993
-476.8372
-477.1193
-476.207
-475.8361
-474.3587
-474.4523
-477.9339
-480.6227
-481.6458
-480.0403
-478.5345
-478.8456
-479.72
-480.5874
-478.7348
-475.2905
-474.9743
-476.4986
-477
-477.0673
-480.7505
-485.9585
-486.2218
-482.0291
-479.4236
-480.4581
-481.7124
-482.7505
-483.6
-483.6
-483.543
-481.0571
-478.4863
-482.486
-485.301
-485.2872
-484.7121
-483.4742
-480.898
-479.3442
-481.1534
-483.0211
-482.5989
-482.1754
-481.7483
-481.5574
-482.5694
-484.5
-484.5
-482.2135
-480.6052
-480.2316
-481.2449
-481.0417
-478.3048
-476.0632
-477.2711
-479.4534
-479.6007
-479.0617
-478.9
-478.9681
-479.6599
-480.0639
-479.4235
-478.7597
-478.8945
-479.3861
-479.5445
-479.6597
-479.902
-479.1122
-477.3212
-477.342
-477.6457
-478.1102
-480.9844
-482.6814
-482.8248
-482.9637
-481.3825
-479.4069
-477.1449
-476.8254
-478.3722
-479.6996
-480.4846
-479.1734
-476.835
-477.8094
-482.2265
-483.2245
-481.7413
-481.8949
-478.8482
-477.5396
-478.4628
-480.0932
-482.7816
-480.2731
-477.6401
-477.3092
-477.8769
-477.9969
-477.6093
-477.0095
-480.4288
-479.4405
-475.6177
-476.0008
-476.4571
-479.0796
-481.8
