-472.4
-472.7
-473.8
-473.4
-472.4
-468.4
-472.2
-473.8
-476.3
-478.5
-478.5
-477.8
-479
-478.1
-475.5
-479.1
-483.8
-481.1
-479.4
-479.4
-477.3
-479.7
-483.3
-481.9
-480.5
-480.8
-482.5
-481.2
-481.7
-482.4
-480.8
-481
-482.4
-482.4
-482.9
-481.3
-481.6
-481.5
-479.6
-480
-480.2
-479.5
-479.7
-477.6
-476.6
-478.7
-477.8
-477.1
-476.1
-474.4
-473.2
-473.3
-471.8
-469.8
-470.3
-470.1
-468.7
-466.4
-464.3
-462.7
-465.5
-470.6
-472.4
-471.7
-473.2
-473.5
-474.7
-471.2
-467.9
-470.8
-474.8
-472.6
-469.3
-470.8
-470.7
-469.8
-466.1
-463.5
-463.6
-468.8
-470.9
-470.1
-468.4
-470.6
-470.8
-472.3
-475.2
-476.2
-475.9
-474.3
-474.5
-474.5
-472.4
-471.3
-473.2
-474.1
-472.3
-472.6
-472.8
-474
-474.7
-471.8
-471
-471.8
-473.3
-473.9
-473.6
-473.1
-472.4
-469.7
-467
-464.2
-462.5
-461
-461.6
-465.4
-466
-466.4
-466.8
-468.3
-469
