385288
384765.9192
384243.8384
383721.7576
383199.6768
382677.596
382155.5152
381633.4343
381111.3535
380589.2727
380067.1919
379545.1111
379023.0303
378500.9495
377978.8687
377456.7879
376934.7071
376412.6263
375890.5455
375368.4646
374846.3838
374324.303
373802.2222
373280.1414
372758.0606
372235.9798
371713.899
371191.8182
370669.7374
370147.6566
369625.5758
369103.4949
368581.4141
368059.3333
367537.2525
367015.1717
366493.0909
365971.0101
365448.9293
364926.8485
364404.7677
363882.6869
363360.6061
362838.5253
362316.4444
361794.3636
361272.2828
360750.202
360228.1212
359706.0404
359183.9596
358661.8788
358139.798
357617.7172
357095.6364
356573.5556
356051.4747
355529.3939
355007.3131
354485.2323
353963.1515
353441.0707
352918.9899
352396.9091
351874.8283
351352.7475
350830.6667
350308.5859
349786.5051
349264.4242
348742.3434
348220.2626
347698.1818
347176.101
346654.0202
346131.9394
345609.8586
345087.7778
344565.697
344043.6162
343521.5354
342999.4545
342477.3737
341955.2929
341433.2121
340911.1313
340389.0505
339866.9697
339344.8889
338822.8081
338300.7273
337778.6465
337256.5657
336734.4848
336212.404
335690.3232
335168.2424
334646.1616
334124.0808
333602
333602
333106
332624
332164
331725
331300
330883
330476
330081
329694
329318
328955
328602
328258
327924
327597
327273
326952
326639
326342
326061
325789
325527
325278
325039
324804
324574
