269678
269447.5372
269217.0744
268986.6116
268756.1488
268525.686
268295.2231
268064.7603
267834.2975
267603.8347
267373.3719
267142.9091
266912.4463
266681.9835
266451.5207
266221.0579
265990.595
265760.1322
265529.6694
265299.2066
265068.7438
264838.281
264607.8182
264377.3554
264146.8926
263916.4298
263685.9669
263455.5041
263225.0413
262994.5785
262764.1157
262533.6529
262303.1901
262072.7273
261842.2645
261611.8017
261381.3388
261150.876
260920.4132
260689.9504
260459.4876
260229.0248
259998.562
259768.0992
259537.6364
259307.1736
259076.7107
258846.2479
258615.7851
258385.3223
258154.8595
257924.3967
257693.9339
257463.4711
257233.0083
257002.5455
256772.0826
256541.6198
256311.157
256080.6942
255850.2314
255619.7686
255389.3058
255158.843
254928.3802
254697.9174
254467.4545
254236.9917
254006.5289
253776.0661
253545.6033
253315.1405
253084.6777
252854.2149
252623.7521
252393.2893
252162.8264
251932.3636
251701.9008
251471.438
251240.9752
251010.5124
250780.0496
250549.5868
250319.124
250088.6612
249858.1983
249627.7355
249397.2727
249166.8099
248936.3471
248705.8843
248475.4215
248244.9587
248014.4959
247784.0331
247553.5702
247323.1074
247092.6446
246862.1818
246631.719
246401.2562
246170.7934
245940.3306
245709.8678
245479.405
245248.9421
245018.4793
244788.0165
244557.5537
244327.0909
244096.6281
243866.1653
243635.7025
243405.2397
243174.7769
242944.314
242713.8512
242483.3884
242252.9256
242022.4628
241792
241792
241596
241406
241224
241048
240877
240711
240548
240387
240231
240080
239931
239784
239642
239506
239375
239248
239125
239003
238883
238764
238647
238532
238419
238306
238194
238084
237975
