1.5097e+005
1.5086e+005
1.5076e+005
1.5065e+005
1.5054e+005
1.5043e+005
1.5032e+005
1.5021e+005
1.501e+005
1.5e+005
1.4989e+005
1.4978e+005
1.4967e+005
1.4956e+005
1.4945e+005
1.4935e+005
1.4924e+005
1.4913e+005
1.4902e+005
1.4891e+005
1.488e+005
1.4869e+005
1.4859e+005
1.4848e+005
1.4837e+005
1.4826e+005
1.4815e+005
1.4804e+005
1.4794e+005
1.4783e+005
1.4772e+005
1.4761e+005
1.475e+005
1.4739e+005
1.4729e+005
1.4718e+005
1.4707e+005
1.4696e+005
1.4685e+005
1.4674e+005
1.4663e+005
1.4653e+005
1.4642e+005
1.4631e+005
1.462e+005
1.4609e+005
1.4598e+005
1.4588e+005
1.4577e+005
1.4566e+005
1.4555e+005
1.4544e+005
1.4533e+005
1.4522e+005
1.4512e+005
1.4501e+005
1.449e+005
1.4479e+005
1.4468e+005
1.4457e+005
1.4447e+005
1.4436e+005
1.4425e+005
1.4414e+005
1.4403e+005
1.4392e+005
1.4382e+005
1.4371e+005
1.436e+005
1.4349e+005
1.4338e+005
1.4327e+005
1.4316e+005
1.4306e+005
1.4295e+005
1.4284e+005
1.4273e+005
1.4262e+005
1.4251e+005
1.4241e+005
1.423e+005
1.4219e+005
1.4208e+005
1.4197e+005
1.4186e+005
1.4175e+005
1.4165e+005
1.4154e+005
1.4143e+005
1.4132e+005
1.4121e+005
1.411e+005
1.41e+005
1.4089e+005
1.4078e+005
1.4067e+005
1.4056e+005
1.4045e+005
1.4035e+005
1.4024e+005
1.4013e+005
1.4002e+005
1.3991e+005
1.398e+005
1.3969e+005
1.3959e+005
1.3948e+005
1.3937e+005
1.3926e+005
1.3915e+005
1.3904e+005
1.3894e+005
1.3883e+005
1.3872e+005
1.3861e+005
1.385e+005
1.3839e+005
1.3828e+005
1.3818e+005
1.3807e+005
1.3796e+005
1.3785e+005
1.3774e+005
1.3763e+005
1.3753e+005
1.3742e+005
1.3731e+005
1.372e+005
1.3709e+005
1.3698e+005
1.3688e+005
1.3677e+005
1.3666e+005
1.3655e+005
1.3644e+005
1.3633e+005
1.3622e+005
1.3612e+005
1.3601e+005
1.359e+005
1.3579e+005
1.3568e+005
1.3557e+005
1.3547e+005
1.3536e+005
1.3525e+005
1.3514e+005
1.3503e+005
1.3492e+005
1.3482e+005
1.3482e+005
1.3472e+005
1.3463e+005
1.3454e+005
1.3445e+005
1.3436e+005
1.3427e+005
1.3418e+005
1.3409e+005
1.3401e+005
1.3392e+005
1.3384e+005
1.3376e+005
1.3368e+005
1.336e+005
1.3353e+005
1.3345e+005
1.3337e+005
1.333e+005
1.3322e+005
1.3314e+005
1.3307e+005
1.3299e+005
1.3291e+005
1.3284e+005
1.3276e+005
1.3269e+005
1.3262e+005
1.3255e+005
1.3248e+005
1.3241e+005
1.3234e+005
1.3226e+005
1.3219e+005
1.3212e+005
1.3205e+005
1.3198e+005
1.3191e+005
1.3184e+005
1.3177e+005
1.3171e+005
1.3164e+005
1.3157e+005
1.3151e+005
1.3144e+005
1.3137e+005
1.3131e+005
1.3125e+005
1.3119e+005
1.3113e+005
1.3107e+005
1.31e+005
1.3094e+005
1.3088e+005
1.3082e+005
1.3076e+005
1.307e+005
1.3064e+005
1.3058e+005
1.3053e+005
1.3047e+005
1.3041e+005
1.3035e+005
1.303e+005
1.3024e+005
1.3019e+005
1.3013e+005
1.3008e+005
1.3003e+005
1.2997e+005
1.2992e+005
1.2986e+005
1.2981e+005
1.2976e+005
1.2971e+005
1.2965e+005
1.296e+005
1.2955e+005
1.2949e+005
1.2943e+005
1.2937e+005
1.2932e+005
1.2927e+005
1.2922e+005
1.2917e+005
1.2912e+005
1.2907e+005
1.2901e+005
1.2896e+005
1.2891e+005
1.2885e+005
1.288e+005
1.2875e+005
1.287e+005
1.2865e+005
1.286e+005
1.2855e+005
1.285e+005
1.2845e+005
1.2841e+005
1.2836e+005
1.2831e+005
1.2826e+005
1.2821e+005
1.2816e+005
1.2811e+005
1.2806e+005
1.2801e+005
1.2796e+005
