-471.3
-472.27
-476.11
-476.04
-473.39
-473.44
-475.83
-476.77
-475.61
-475.85
-477.12
-477.32
-477.51
-477.53
-476.42
-476.85
-477.67
-476.92
-477.41
-478.01
-478.69
-478.7
-477.56
-477.87
-476.88
-477.63
-481.91
-482.48
-481.8
-481.31
-480.03
-479.83
-480.37
-480.13
-479.8
-479.59
-479.2
-479.34
-479.75
-479.71
-479.18
-478.32
-478.26
-479.11
-479.6
-480.26
-481.75
-482.12
-481.8
-482.63
-483.09
-481.33
-480.27
-479.49
-478.9
-480.57
-481.36
-480.76
-479.18
-478.56
-478.15
-477.65
-479.83
-480.36
-479.2
-481
-483.82
-483.49
-481.81
-481.2
-481.08
-480.47
-479.82
-480.64
-482.02
-482.78
-483.23
-482.84
-481.4
-480.62
-480.67
-479.73
-480.6
-481.9
-481.34
-481.96
-482.39
-482.92
-481.94
-480.61
-481
-483.12
-482.29
-479.6
-480.71
-482.02
-482.53
-481.5
-480.74
-482.73
-484.19
-483.15
-481.61
-481.91
-483.15
-483.2
-481.86
-480.9
-481.24
-481.13
-480.3
-480.96
-482.18
-482.5
-482.59
-482.58
-482.5
-484.46
-485.6
-483.6
-481.28
-477.57
-475.65
-475.18
-475.46
-477.13
-478.21
-477.77
-476.61
-475.69
-476.97
-476.7
-474.67
-475.04
-474.97
-474.93
-476.8
-475.63
-473.31
-474.2
-474.17
-472.84
-471.65
-472.47
-474.66
-474.44
-473.57
-472.02
-471.69
-472.1
