-469.2
-468
-466.8
-464.1
-462.4
-458.1
-458.4
-462.6
-462.2
-460.5
-460.7
-462.7
-460.7
-465.9
-467.5
-462
-461.9
-461.9
-457.1
-456.9
-461.2
-460.1
-457.9
-454.9
-455.1
-459.7
-462.2
-459.4
-459
-463.5
-463.5
-461.5
-463.6
-462.5
-461.2
-462.7
-463.5
-461.8
-464.4
-467.9
-466.3
-465.6
-464.3
-465.6
-467
-465.1
-466.6
-470.1
-471
-473.4
-471.3
-470.9
-471.3
-470.2
-474
-472.4
-471.6
-475
-475.6
-472.85
-470.1
-472.2
-470.6
-469.5
-472.6
-473.2
-473.2
-469.6
-466.6
-467.2
-471.5
-475.8
-476.5
-475
-470
-470.3
-473.7
-470.8
-470.2
-467
-463.6
-466.7
-468.5
-468.3
-466.8
-466.8
-469.6
-467
-466.3
-472.1
-473.1
-470.8
-467.1
-465.8
-459.5
-456.1
-463
-468
-468.9
-470
-467.9
-464.7
-467
-467.5
-466.8
-466.8
-465.8
-467.8
-466.3
-463.8
-464.7
-467.2
-467.1
-465.4
-468.3
-470.1
-469.5
-469
-466.7
-466.7
-469
-468.3
-468.2
-471.1
-472
-472.5
-471.8
-471.2
-468.6
-468.4
-469.9
-469.7
-472.5
-473.5
-472.3
-474.7
-474
-471.2
-471.7
-475.5
-474.2
-472.8
-473.9
-470.5
-469
-471.2
-473.5
-475
-473.7
-472.3
-474.9
-474.8
-474.1
-476.3
-478.5
-478.2
-477.7
-477.7
-475.5
-475.4
-474.9
-472.6
-477.6
-481
-479.2
-480.8
-482.3
-477.7
-473.4
-473.6
-473.3
-475.5
-477.9
-472.5
-470.1
-476
-478.3
-475
-474.8
-476.8
-475.1
-473.5
-474.4
-474.8
-472
-472.7
-473.2
-465.9
-465.6
-471.8
-469.3
-466
-466.2
-467.8
-468.6
-468.3
-468.7
-469.8
-467.1
-465.5
-465.9
-465.3
-467.1
-464.7
-460.8
-462.8
-467
-464.5
-460.9
-461.7
-463.3
-460
-461.6
-465.7
-463.3
-462.9
-463.4
-463.9
-468.1
-472.3
-471
-467.2
-467.2
-471.5
-472.8
-472.1
-473
-474.2
-471.8
-470.6
-475.2
-476
-474.2
-474.5
-470.2
-465.6
-468.2
-469.5
-469.5
-470.2
-470.2
-469.7
-468.3
-468.3
-470
-472.1
-472.35
-472.6
-472.85
-473.1
-474.4
-475.8
-475.8
-475.3
-474.5
-473.5
-472.7
-471.3
-470.5
-471.4
-472.3
-474
-471
-468.5
-473.5
-475.9
-474.5
-474.1
-474.1
-473.25
-472.4
-470.6
-468.8
-472.6
-474.5
-472.7
-476.5
-478.9
-476
-474.9
-472.9
-471.1
-470
-467.3
-467
-466.4
-465.1
-466.6
-466
-464.9
-464.1
-465
-467.6
-468.1
-468.6
-465.8
-463
-461.6
-463.5
-466.9
-467.9
-469.6
-468.8
-469.2
-472.3
-470.2
-473.3
-474
-471.9
-475.8
-476.9
-475.8
-475.5
-476.6
-478
-477.4
-475.2
-476.8
-478.4
-478.4
-478.3
-476.5
-477.6
-477.6
-473
-472.5
-474.7
-477.7
-475.2
-472.4
-476.4
-475.3
-473.5
-473.2
-473.4
-475.6
-477.2
-480.4
-482
-481
-479.4
-478.7
-479.9
-481.1
-480.8
-480.5
-478.6
-476.6
-477.27
-477.95
-478.63
-479.3
-479.8
-478.5
-474.9
-475.6
-480.5
-482.6
-483.4
-484.3
-482.8
-483
-482.9
-481.1
-479.48
-477.86
-476.24
-474.62
-473
-473
-475.12
-477.23
-479.35
-481.47
-483.58
-485.7
-481.7
-477.6
-478.85
-480.1
-481.2
-482.3
-483.8
-484.6
-482.3
-479.6
-481.4
-484.3
-485.5
-486.7
-486.7
-484.4
-479.9
-477.8
-478.9
-481
-481
-480.7
-479.3
-477.7
-475.8
-475.3
-477.2
-477.1
-476
-475.8
-474.1
-474.5
-478.4
-481
-481.8
-479.5
-478.2
-479.1
-480
-480.9
-477.45
-474
-475.5
-477
-477
-477.1
-482.7
-488.3
-484
-479.1
-480
-481.4
-482.5
-483.6
-483.6
-483.6
-480.95
-478.3
-483
-485.8
-485.1
-484.5
-482.7
-479.2
-479.5
-483.2
-482.75
-482.3
-481.85
-481.4
-482.3
-484.5
-484.5
-482
-480.4
-480.2
-481.5
-480.9
-477.4
-475.6
-477.8
-480
-479.45
-478.9
-478.9
-479
-480
-480.1
-479
-478.6
-479.1
-479.6
-479.5
-479.8
-480
-478.2
-476.4
-478.3
-477
-479.2
-482.9
-482.4
-483.5
-481.9
-480.1
-477.4
-476.4
-478
-479.35
-480.7
-479.8
-476.9
-476.6
-481.9
-483.5
-481.7
-482.1
-478.9
-477.5
-478.4
-480
-482.8
-480.15
-477.5
-477.3
-477.9
-478
-477.6
-477
-480.5
-479.4
-475.5
-476
-476.4
-479
-481.8
