-462.2
-459.6
-454.5
-450.1
-451.4
-452.6
-457.4
-459.4
-461
-463.1
-464.3
-462.7
-460.6
-457.1
-452.6
-454.2
-458.9
-461.7
-464.8
-465.8
-466.1
-468
-469.4
-470.8
-473.3
-473.8
-468.1
-466.1
-464.9
-460.7
-457.6
-460.2
-463.3
-462.6
-462.5
-464.3
-466
-468.9
-470.9
-468.7
-468
-470.9
-469.1
-468.4
-471.1
-469.9
-468.9
-468.3
-471.9
-473.2
-471.6
-472.6
-475.1
-476.4
-474.5
-475.5
-477.1
-477.3
-478.7
-478.6
-478.9
-478
-477.5
-477.9
-477.8
-477.6
-475.8
-473.9
-474.1
-473.3
-472.7
-472.8
-472.3
-471.7
-471.3
-470.5
-473
-472.6
-472
-471.8
-470.3
-470
-470.4
-473.9
-477.3
-475.5
-474.6
-477.2
-476.6
-475.8
-477.4
-476.7
-477.5
-476.6
-478.4
-480.1
-480.4
-480.3
-480.7
