-471.3
-472.1
-476.1
-476.2
-473.4
-473.2
-475.7
-476.9
-475.6
-475.7
-477.1
-477.3
-477.5
-477.6
-476.4
-476.8
-477.7
-476.9
-477.4
-478
-478.7
-478.7
-477.5
-477.9
-476.8
-477.7
-482.4
-482.5
-481.6
-481.2
-479.5
-480
-480.6
-479.8
-479.8
-479.4
-479
-479.7
-479.8
-479.6
-478.6
-477.9
-478.8
-479.6
-479.6
-481.5
-482.3
-481.6
-482.5
-483.3
-481.4
-480.3
-479.5
-478.9
-480.6
-481.4
-480.7
-479
-478.5
-478.1
-477.6
-480.1
-480.4
-479
-481.4
-484.5
-483.1
-481.2
-481.2
-481
-480.1
-479.6
-481.5
-482.5
-483.1
-483.4
-481.9
-480.4
-481.1
-479.6
-480.1
-482.1
-481.2
-481.9
-482.3
-483
-482
-480.6
-481
-483.2
-482.2
-479.3
-480.9
-482.2
-482.6
-481.2
-480.6
-483.5
-484.5
-482.4
-481.1
-482.5
-483.7
-482.7
-480.9
-480.9
-481.7
-480.3
-480.3
-482
-482.5
-482.5
-482.8
-482
-484.1
-485.9
-483.8
-481.5
-477.7
-475.7
-475.2
-475.1
-476.7
-478.3
-478
-477.3
-475.4
-476.1
-478
-475.4
-474.1
-475.6
-474.7
-475
-477.2
-475.4
-473.2
-474.2
-474.3
-473.1
-471.8
-471.3
-474.1
-475.2
-473.9
-473.4
-471.6
-471.7
-472.1
