-462.2
-459.8515
-455.2853
-450.786
-451.2316
-452.4697
-456.8488
-459.0969
-460.6697
-462.5235
-463.873
-463.4001
-461.6615
-459.0106
-455.0526
-453.3878
-456.6624
-460.3517
-463.1879
-465.2191
-465.9041
-466.6132
-468.2586
-469.5217
-470.7711
-472.9358
-473.6602
-470.3587
-467.0578
-465.5378
-463.0477
-459.2951
-458.8874
-461.8296
-462.924
-462.5451
-463.5128
-465.2603
-467.594
-469.9242
-469.8737
-468.3968
-469.1826
-470.2205
-468.8536
-469.3049
-470.7245
-469.6087
-468.7297
-469.3156
-472.2437
-472.8316
-471.8004
-473.0325
-475.2672
-476.2677
-474.5156
-475.4683
-476.9576
-477.2695
-478.3882
-478.6297
-478.7886
-478.3968
-477.7517
-477.6763
-477.8613
-477.7327
-477.0727
-475.2968
-473.9518
-473.888
-473.1323
-472.7304
-472.6324
-472.0746
-471.529
-470.9078
-471.8916
-472.754
-472.1933
-471.8497
-470.5397
-470.0161
-470.6108
-474.4015
-476.9344
-475.2676
-475.4496
-476.9666
-476.2389
-476.6322
-476.9885
-477.2254
-476.8433
-478.047
-479.8656
-480.3723
-480.3046
-480.7
