58759
58677.3887
58595.7773
58514.166
58432.5547
58350.9434
58269.332
58187.7207
58106.1094
58024.498
57942.8867
57861.2754
57779.6641
57698.0527
57616.4414
57534.8301
57453.2188
57371.6074
57289.9961
57208.3848
57126.7734
57045.1621
56963.5508
56881.9395
56800.3281
56718.7168
56637.1055
56555.4941
56473.8828
56392.2715
56310.6602
56229.0488
56147.4375
56065.8262
55984.2148
55902.6035
55820.9922
55739.3809
55657.7695
55576.1582
55494.5469
55412.9355
55331.3242
55249.7129
55168.1016
55086.4902
55004.8789
54923.2676
54841.6563
54760.0449
54678.4336
54596.8223
54515.2109
54433.5996
54351.9883
54270.377
54188.7656
54107.1543
54025.543
53943.9316
53862.3203
53780.709
53699.0977
53617.4863
53535.875
53454.2637
53372.6523
53291.041
53209.4297
53127.8184
53046.207
52964.5957
52882.9844
52801.373
52719.7617
52638.1504
52556.5391
52474.9277
52393.3164
52311.7051
52230.0938
52148.4824
52066.8711
51985.2598
51903.6484
51822.0371
51740.4258
51658.8145
51577.2031
51495.5918
51413.9805
51332.3691
51250.7578
51169.1465
51087.5352
51005.9238
50924.3125
50842.7012
50761.0898
50679.4785
50597.8672
50516.2559
50434.6445
50353.0332
50271.4219
50189.8105
50108.1992
50026.5879
49944.9766
49863.3652
49781.7539
49700.1426
49618.5313
49536.9199
49455.3086
49373.6973
49292.0859
49210.4746
49128.8633
49047.252
48965.6406
48884.0293
48802.418
48720.8066
48639.1953
48557.584
48475.9727
48394.3613
48312.75
48231.1387
48149.5273
48067.916
47986.3047
47904.6934
47823.082
47741.4707
47659.8594
47578.248
47496.6367
47415.0254
47333.4141
47251.8027
47170.1914
47088.5801
47006.9688
46925.3574
46843.7461
46762.1348
46680.5234
46598.9121
46517.3008
46435.6895
46354.0781
46272.4668
46190.8555
46109.2441
46027.6328
45946.0215
45864.4102
45782.7988
45701.1875
45619.5762
45537.9648
45456.3535
45374.7422
45293.1309
45211.5195
45129.9082
45048.2969
44966.6855
44885.0742
44803.4629
44721.8516
44640.2402
44558.6289
44477.0176
44395.4063
44313.7949
44232.1836
44150.5723
44068.9609
43987.3496
43905.7383
43824.127
43742.5156
43660.9043
43579.293
43497.6816
43416.0703
43334.459
43252.8477
43171.2363
43089.625
43008.0137
42926.4023
42844.791
42763.1797
42681.5684
42599.957
42518.3457
42436.7344
42355.123
42273.5117
42191.9004
42110.2891
42028.6777
41947.0664
41865.4551
41783.8438
41702.2324
41620.6211
41539.0098
41457.3984
41375.7871
41294.1758
41212.5645
41130.9531
41049.3418
40967.7305
40886.1191
40804.5078
40722.8965
40641.2852
40559.6738
40478.0625
40396.4512
40314.8398
40233.2285
40151.6172
40070.0059
39988.3945
39906.7832
39825.1719
39743.5605
39661.9492
39580.3379
39498.7266
39417.1152
39335.5039
39253.8926
39172.2813
39090.6699
39009.0586
38927.4473
38845.8359
38764.2246
38682.6133
38601.002
38519.3906
38437.7793
38356.168
38274.5566
38192.9453
38111.334
38029.7227
37948.1113
37866.5
37784.8887
37703.2773
37621.666
37540.0547
37458.4434
37376.832
37295.2207
37213.6094
37131.998
37050.3867
36968.7754
36887.1641
36805.5527
36723.9414
36642.3301
36560.7188
36479.1074
36397.4961
36315.8848
36234.2734
36152.6621
36071.0508
35989.4395
35907.8281
35826.2168
35744.6055
35662.9941
35581.3828
35499.7715
35418.1602
35336.5488
35254.9375
35173.3262
35091.7148
35010.1035
34928.4922
34846.8809
34765.2695
34683.6582
34602.0469
34520.4355
34438.8242
34357.2129
34275.6016
34193.9902
34112.3789
34030.7676
33949.1563
33867.5449
33785.9336
33704.3223
33622.7109
33541.0996
33459.4883
33377.877
33296.2656
33214.6543
33133.043
33051.4316
32969.8203
32888.209
32806.5977
32724.9863
32643.375
32561.7637
32480.1523
32398.541
32316.9297
32235.3184
32153.707
32072.0957
31990.4844
31908.873
31827.2617
31745.6504
31664.0391
31582.4277
31500.8164
31419.2051
31337.5938
31255.9824
31174.3711
31092.7598
31011.1484
30929.5371
30847.9258
30766.3145
30684.7031
30603.0918
30521.4805
30439.8691
30358.2578
30276.6465
30195.0352
30113.4238
30031.8125
29950.2012
29868.5898
29786.9785
29705.3672
29623.7559
29542.1445
29460.5332
29378.9219
29297.3105
29215.6992
29134.0879
29052.4766
28970.8652
28889.2539
28807.6426
28726.0313
28644.4199
28562.8086
28481.1973
28399.5859
28317.9746
28236.3633
28154.752
28073.1406
27991.5293
27909.918
27828.3066
27746.6953
27665.084
27583.4727
27501.8613
27420.25
27338.6387
27257.0273
27175.416
27093.8047
27012.1934
26930.582
26848.9707
26767.3594
26685.748
26604.1367
26522.5254
26440.9141
26359.3027
26277.6914
26196.0801
26114.4688
26032.8574
25951.2461
25869.6348
25788.0234
25706.4121
25624.8008
25543.1895
25461.5781
25379.9668
25298.3555
25216.7441
25135.1328
25053.5215
24971.9102
24890.2988
24808.6875
24727.0762
24645.4648
24563.8535
24482.2422
24400.6309
24319.0195
24237.4082
24155.7969
24074.1855
23992.5742
23910.9629
23829.3516
23747.7402
23666.1289
23584.5176
23502.9063
23421.2949
23339.6836
23258.0723
23176.4609
23094.8496
23013.2383
22931.627
22850.0156
22768.4043
22686.793
22605.1816
22523.5703
22441.959
22360.3477
22278.7363
22197.125
22115.5137
22033.9023
21952.291
21870.6797
21789.0684
21707.457
21625.8457
21544.2344
21462.623
21381.0117
21299.4004
21217.7891
21136.1777
21054.5664
20972.9551
20891.3438
20809.7324
20728.1211
20646.5098
20564.8984
20483.2871
20401.6758
20320.0645
20238.4531
20156.8418
20075.2305
19993.6191
19912.0078
19830.3965
19748.7852
19667.1738
19585.5625
19503.9512
19422.3398
19340.7285
19259.1172
19177.5059
19095.8945
19014.2832
18932.6719
18851.0605
18769.4492
18687.8379
18606.2266
18524.6152
18443.0039
18361.3926
18279.7813
18198.1699
18116.5586
18034.9473
17953.3359
17871.7246
17790.1133
17708.502
17626.8906
17545.2793
17463.668
17382.0566
17300.4453
17218.834
17137.2227
17055.6113
16974
16974
16889
16808
16729
16653
16577
16502
16426
16350
16275
16201
16128
16057
15987
15915
15845
15777
15708
15639
15570
15501
15432
15366
15300
15234
15167
15099
15032
14968
14904
14839
14775
14713
14651
14589
14526
14466
14404
14342
14281
14221
14163
14105
14048
13992
13938
13883
13828
13774
13718
13659
13600
13539
13476
13414
13355
13296
13237
13177
13116
13055
12994
12934
12874
12815
12755
12694
12632
12569
12507
12446
12385
12323
12261
12202
12144
12087
12029
11973
