12549
12549
12548
12548
12547
12547
12546
12546
12545
12545
12544
12544
12544
12543
12543
12542
12542
12541
12541
12540
12540
12539
12539
12538
12538
12537
12537
12537
12536
12536
12535
12535
12534
12534
12533
12533
12532
12532
12531
12531
12531
12530
12530
12529
12529
12528
12528
12527
12527
12526
12526
12525
12525
12524
12524
12524
12523
12523
12522
12522
12521
12521
12520
12520
12519
12519
12518
12518
12518
12517
12517
12516
12516
12515
12515
12514
12514
12513
12513
12512
12512
12511
12511
12511
12510
12510
12509
12509
12508
12508
12507
12507
12506
12506
12505
12505
12504
12504
12504
12503
12503
12502
12502
12501
12501
12500
12500
12499
12499
12498
12498
12498
12497
12497
12496
12496
12495
12495
12494
12494
12493
12493
12492
12492
12491
12491
12491
12490
12490
12489
12489
12488
12488
12487
12487
12486
12486
12485
12485
12485
12484
12484
12483
12483
12482
12482
12481
12481
12480
12480
12479
12479
12478
12478
12478
12477
12477
12476
12476
12475
12475
12474
12474
12473
12473
12472
12472
12472
12471
12471
12470
12470
12469
12469
12468
12468
12467
12467
12466
12466
12465
12465
12465
12464
12464
12463
12463
12462
12462
12461
12461
12460
12460
12459
12459
12458
12458
12458
12457
12457
12456
12456
12455
12455
12454
12454
12453
12453
12452
12452
12452
12451
12451
12450
12450
12449
12449
12448
12448
12447
12447
12446
12446
12445
12445
12445
12444
12444
12443
12443
12442
12442
12441
12441
12440
12440
12439
12439
12439
12438
12438
12437
12437
12436
12436
12435
12435
12434
12434
12433
12433
12432
12432
12432
12431
12431
12430
12430
12429
12429
12428
12428
12427
12427
12426
12426
12426
12425
12425
12424
12424
12423
12423
12422
12422
12421
12421
12420
12420
12419
12419
12419
12418
12418
12417
12417
12416
12416
12415
12415
12414
12414
12413
12413
12412
12412
12412
12411
12411
12410
12410
12409
12409
12408
12408
12407
12407
12406
12406
12406
12405
12405
12404
12404
12403
12403
12402
12402
12401
12401
12400
12400
12399
12399
12399
12398
12398
12397
12397
12396
12396
12395
12395
12394
12394
12393
12393
12393
12392
12392
12391
12391
12390
12390
12389
12389
12388
12388
12387
12387
12386
12386
12386
12385
12385
12384
12384
12383
12383
12382
12382
12381
12381
12380
12380
12379
12379
12379
12378
12378
12377
12377
12376
12376
12375
12375
12374
12374
12373
12373
12373
12372
12372
12371
12371
12370
12370
12369
12369
12368
12368
12367
12367
12366
12366
12366
12365
12365
12364
12364
12363
12363
12362
12362
12361
12361
12360
12360
12360
12359
12359
12358
12358
12357
12357
12356
12356
12355
12355
12354
12354
12353
12353
12353
12352
12352
12351
12351
12350
12350
12349
12349
12348
12348
12347
12347
12347
12346
12346
12345
12345
12344
12344
12343
12343
12342
12342
12341
12341
12340
12340
12340
12339
12339
12338
12338
12337
12337
12336
12336
12335
12335
12334
12334
12333
12333
12333
12332
12332
12331
12331
12330
12330
12329
12329
12328
12328
12327
12327
12327
12326
12326
12325
12325
12324
12324
12323
12323
12322
12322
12321
12321
12320
12320
12320
12319
12319
12318
12318
12317
12317
12316
12316
12315
12315
12314
12314
12314
12313
12313
12312
12312
12311
12311
12310
12310
12309
12309
12308
12308
12307
12307
12307
12306
12306
12305
12305
12304
12304
12303
12303
12302
12302
12301
12301
12301
12300
12300
12299
12299
12298
12298
12297
12297
12296
12296
12295
12295
12294
12294
12294
12293
12293
12292
12292
12291
12291
12290
12290
12289
12289
12288
12288
12287
12287
12287
12286
12286
12285
12285
12284
12284
12283
12283
12282
12282
12281
12281
12281
12280
12280
12279
12279
12278
12278
12277
12277
12276
12276
12275
12275
12274
12274
12274
12273
12273
12272
12272
12271
12271
12270
12270
12269
12269
12268
12268
12268
12267
12267
12266
12266
12265
12265
12264
12264
12263
12263
12262
12262
12261
12261
12261
12260
12260
12259
12259
12258
12258
12257
12257
12256
12256
12255
12255
12255
12254
12254
12253
12253
12252
12252
12251
12251
12250
12250
12249
12249
12248
12248
12248
12247
12247
12246
12246
12245
12245
12244
12244
12243
12243
12242
12242
12241
12241
12241
12240
12240
12239
12239
12238
12238
12237
12237
12236
12236
12235
12235
12235
12234
12234
12233
12233
12232
12232
12231
12231
12230
12230
12229
12229
12228
12228
12228
12227
12227
12226
12226
12225
12225
12224
12224
12223
12223
12222
12222
12222
12221
12221
12220
12220
12219
12219
12218
12218
12217
12217
12216
12216
12215
12215
12215
12214
12214
12213
12213
12212
12212
12211
12211
12210
12210
12209
12209
12209
12208
12208
12207
12207
12206
12206
12205
12205
12204
12204
12203
12203
12202
12202
12202
12201
12201
12200
12200
12199
12199
12198
12198
12197
12197
12196
12196
12195
12195
12195
12194
12194
12193
12193
12192
12192
12191
12191
12190
12190
12189
12189
12189
12188
12188
12187
12187
12186
12186
12185
12185
12184
12184
12183
12183
12182
12182
12182
12181
12181
12180
12180
12179
12179
12178
12178
12177
12177
12176
12176
12176
12175
12175
12174
12174
12173
12173
12172
12172
12171
12171
12170
12170
12169
12169
12169
12168
12168
12167
12167
12166
12166
12165
12165
12164
12164
12163
12163
12163
12162
12162
12161
12161
12160
12160
12159
12159
12158
12158
12157
12157
12156
12156
12156
12155
12155
12154
12154
12153
12153
12152
12152
12151
12151
12150
12150
12149
12149
12149
12148
12148
12147
12147
12146
12146
12145
12145
12144
12144
12143
12143
12143
12142
12142
12141
12141
12140
12140
12139
12139
12138
12138
12137
12137
12136
12136
12136
12135
12135
12134
12134
12133
12133
12132
12132
12131
12131
12130
12130
12130
12129
12129
12128
12128
12127
12127
12126
12126
12125
12125
12124
12124
12123
12123
12123
12122
12122
12121
12121
12120
12120
12119
12119
12118
12118
12117
12117
12117
12116
12116
12115
12115
12114
12114
12113
12113
12112
12112
12111
12111
12110
12110
12110
12109
12109
12108
12108
12107
12107
12106
12106
12105
12105
12104
12104
12103
12103
12103
12102
12102
12101
12101
12100
12100
12099
12099
12098
12098
12097
12097
12097
12096
12096
12095
12095
12094
12094
12093
12093
12092
12092
12091
12091
12090
12090
12090
12089
12089
12088
12088
12087
12087
12086
12086
12085
12085
12084
12084
12084
12083
12083
12082
12082
12081
12081
12080
12080
12079
12079
12078
12078
12077
12077
12077
12076
12076
12075
12075
12074
12074
12073
12073
12072
12072
12071
12071
12071
12070
12070
12069
12069
12068
12068
12067
12067
12066
12066
12065
12065
12064
12064
12064
12063
12063
12062
12062
12061
12061
12060
12060
12059
12059
12058
12058
12057
12057
12057
12056
12056
12055
12055
12054
12054
12053
12053
12052
12052
12051
12051
12051
12050
12050
12049
12049
12048
12048
12047
12047
12046
12046
12045
12045
12044
12044
12044
12043
12043
12042
12042
12041
12041
12040
12040
12039
12039
12038
12038
12038
12037
12037
12036
12036
12035
12035
12034
12034
12033
12033
12032
12032
12031
12031
12031
12030
12030
12029
12029
12028
12028
12027
12027
12026
12026
12025
12025
12025
12024
12024
12023
12023
12022
12022
12021
12021
12020
12020
12019
12019
12018
12018
12018
12017
12017
12016
12016
12015
12015
12014
12014
12013
12013
12012
12012
12011
12011
12011
12010
12010
12009
12009
12008
12008
12007
12007
12006
12006
12005
12005
12005
12004
12004
12003
12003
12002
12002
12001
12001
12000
12000
11999
11999
11998
11998
11998
11997
11997
11996
11996
11995
11995
11994
11994
11993
11993
11992
11992
11992
11991
11991
11990
11990
11989
11989
11988
11988
11987
11987
11986
11986
11985
11985
11985
11984
11984
11983
11983
11982
11982
11981
11981
11980
11980
11979
11979
11978
11978
11978
11977
11977
11976
11976
11975
11975
11974
11974
11973
11973
11972
11972
11972
11971
11971
11970
11970
11969
11969
11968
11968
11967
11967
11966
11966
11965
11965
11965
11964
11964
11963
11963
11962
11962
11961
11961
11960
11960
11959
11959
11959
11958
11958
11957
11957
11956
11956
11955
11955
11954
11954
11953
11953
11952
11952
11952
11951
11951
11950
11950
11949
11949
11948
11948
11947
11947
11946
11946
11946
11945
11945
11944
11944
11943
11943
11942
11942
11941
11941
11940
11940
11939
11939
11939
11938
11938
11937
11937
11936
11936
11935
11935
11934
11934
11933
11933
11932
11932
11932
11931
11931
11930
11930
11929
11929
11928
11928
11927
11927
11926
11926
11926
11925
11925
11924
11924
11923
11923
11922
11922
11921
11921
11920
11920
11919
11919
11919
11918
11918
11917
11917
11916
11916
11915
11915
11914
11914
11913
11913
11913
11912
11912
11911
11911
11910
11910
11909
11909
11908
11908
11907
11907
11906
11906
11906
11905
11905
11904
11904
11903
11903
11902
11902
11901
11901
11900
11900
11900
11899
11899
11898
11898
11897
11897
11896
11896
11895
11895
11894
11894
11893
11893
11893
11892
11892
11891
11891
11890
11890
11889
11889
11888
11888
11887
11887
11886
11886
11886
11885
11885
11884
11884
11883
11883
11882
11882
11881
11881
11880
11880
11880
11879
11879
11878
11878
11877
11877
11876
11876
11875
11875
11874
11874
11873
11873
11873
11872
11872
11871
11871
11870
11870
11869
11869
11868
11868
11867
11867
11867
11866
11866
11865
11865
11864
11864
11863
11863
11862
11862
11861
11861
11860
11860
11860
11859
11859
11858
11858
11857
11857
11856
11856
11855
11855
11854
11854
11854
11853
11853
11852
11852
11851
11851
11850
11850
11849
11849
11848
11848
11847
11847
11847
11846
11846
11845
11845
11844
11844
11843
11843
11842
11842
11841
11841
11840
11840
11840
11839
11839
11838
11838
11837
11837
11836
11836
11835
11835
11834
11834
11834
11833
11833
11832
11832
11831
11831
11830
11830
11829
11829
11828
11828
11827
11827
11827
11826
11826
11825
11825
11824
11824
11823
11823
11822
11822
11821
11821
11821
11820
11820
11819
11819
11818
11818
11817
11817
11816
11816
11815
11815
11814
11814
11814
11813
11813
11812
11812
11811
11811
11810
11810
11809
11809
11808
11808
11808
11807
11807
11806
11806
11805
11805
11804
11804
11803
11803
11802
11802
11801
11801
11801
11800
11800
11799
11799
11798
11798
11797
11797
11796
11796
11795
11795
11794
11794
11794
11793
11793
11792
11792
11791
11791
11790
11790
11789
11789
11788
11788
11788
11787
11787
11786
11786
11785
11785
11784
11784
11783
11783
11782
11782
11781
11781
11781
11780
11780
11779
11779
11778
11778
11777
11777
11776
11776
11775
11775
11775
11774
11774
11773
11773
11772
11772
11771
11771
11770
11770
11769
11769
11768
11768
11768
11767
11767
11766
11766
11765
11765
11764
11764
11763
11763
11762
11762
11762
11761
11761
11760
11760
11759
11759
11758
11758
11757
11757
11756
11756
11755
11755
11755
11754
11754
11753
11753
11752
11752
11751
11751
11750
11750
11749
11749
11748
11748
11748
11747
11747
11746
11746
11745
11745
11744
11744
11743
11743
11742
11742
11742
11741
11741
11740
11740
11739
11739
11738
11738
11737
11737
11736
11736
11735
11735
11735
11734
11734
11733
11733
11732
11732
11731
11731
11730
11730
11729
11729
11729
11728
11728
11727
11727
11726
11726
11725
11725
11724
11724
11723
11723
11722
11722
11722
11721
11721
11720
11720
11719
11719
11718
11718
11717
11717
11716
11716
11716
11715
11715
11714
11714
11713
11713
11712
11712
11711
11711
11710
11710
11709
11709
11709
11708
11708
11707
11707
11706
11706
11705
11705
11704
11704
11703
11703
11702
11702
11702
11701
11701
11700
11700
11699
11699
11698
11698
11697
11697
11696
11696
11696
11695
11695
11694
11694
11693
11693
11692
11692
11691
11691
11690
11690
11689
11689
11689
11688
11688
11687
11687
11686
11686
11685
11685
11684
11684
11683
11683
11683
11682
11682
11681
11681
11680
11680
11679
11679
11678
11678
11677
11677
11676
11676
11676
11675
11675
11674
11674
11673
11673
11672
11672
11671
11671
11670
11670
11670
11669
11669
11668
11668
11667
11667
11666
11666
11665
11665
11664
11664
11663
11663
11663
11662
11662
11661
11661
11660
11660
11659
11659
11658
11658
11657
11657
11656
11656
11656
11655
11655
11654
11654
11653
11653
11652
11652
11651
11651
11650
11650
11650
11649
11649
11648
11648
11647
11647
11646
11646
11645
11645
11644
11644
11643
11643
11643
11642
11642
11641
11641
11640
11640
11639
11639
11638
11638
11637
11637
11637
11636
11636
11635
11635
11634
11634
11633
11633
11632
11632
11631
11631
11630
11630
11630
11629
11629
11628
11628
11627
11627
11626
11626
11625
11625
11624
11624
11623
11623
11623
11622
11622
11621
11621
11620
11620
11619
11619
11618
11618
11617
11617
11617
11616
11616
11615
11615
11614
11614
11613
11613
11612
11612
11611
11611
11610
11610
11610
11609
11609
11608
11608
11607
11607
11606
11606
11605
11605
11604
11604
11604
11603
11603
11602
11602
11601
11601
11600
11600
11599
11599
11598
11598
11597
11597
11597
11596
11596
11595
11595
11594
11594
11593
11593
11592
11592
11591
11591
11591
11590
11590
11589
11589
11588
11588
11587
11587
11586
11586
11585
11585
11584
11584
11584
11583
11583
11582
11582
11581
11581
11580
11580
11579
11579
11578
11578
11577
11577
11577
11576
11576
11575
11575
11574
11574
11573
11573
11572
11572
11571
11571
11571
11570
11570
11569
11569
11569
11568
11568
11567
11567
11566
11565
11565
11564
11564
11563
11563
11562
11562
11561
11561
11560
11559
11559
11558
11558
11557
11557
11556
11556
11555
11555
11554
11554
11553
11552
11552
11551
11551
11550
11550
11549
11549
11548
11548
11547
11547
11546
11545
11545
11544
11544
11543
11543
11542
11542
11541
11540
11540
11539
11539
11538
11537
11536
11535
11535
11534
11534
11533
11533
11532
11531
11531
11530
11530
11529
11529
11528
11528
11527
11526
11526
11525
11525
11524
11524
11523
11523
11522
11521
11521
11520
11520
11519
11519
11518
11517
11517
11516
11516
11515
11515
11514
11513
11513
11512
11512
11511
11511
11510
11509
11509
11508
11508
11507
11507
11506
11505
11505
11504
11504
11503
11503
11502
11501
11501
11500
11500
11499
11499
11498
11497
11497
11496
11496
11495
11495
11494
11493
11493
11492
11492
11491
11490
11490
11489
11489
11488
11488
11487
11486
11486
11485
11485
11484
11483
11483
11482
11482
11481
11481
11480
11479
11479
11478
11478
11477
11476
11476
11475
11475
11474
11473
11473
11472
11472
11471
11471
11470
11469
11469
11468
11468
11467
11466
11466
11465
11465
11464
11463
11463
11462
11462
11461
11460
11460
11459
11459
11458
11457
11457
11456
11456
11455
11454
11454
11453
11453
11452
11451
11451
11450
11449
11449
11448
11448
11447
11446
11446
11445
11445
11444
11443
11443
11442
11442
11441
11440
11440
11439
11438
11438
11437
11437
11436
11435
11435
11434
11434
11433
11432
11432
11431
11430
11430
11429
11429
11428
11427
11427
11426
11425
11425
11424
11424
11423
11422
11422
11421
11420
11420
11419
11419
11418
11417
11417
11416
11415
11415
11414
11413
11413
11412
11412
11411
11410
11410
11409
11408
11408
11407
11407
11406
11405
11405
11404
11403
11403
11402
11401
11401
11400
11399
11399
11398
11398
11397
11396
11396
11395
11394
11394
11393
11392
11392
11391
11390
11390
11389
11388
11388
11387
11386
11386
11385
11385
11384
11383
11383
11382
11381
11381
11380
11379
11379
11378
11377
11377
11376
11375
11375
11374
11373
11373
11372
11371
11371
11370
11369
11369
11368
11367
11367
11366
11365
11365
11364
11363
11363
11362
11361
11360
11360
11359
11358
11358
11357
11356
11356
11355
11354
11354
11353
11352
11352
11351
11350
11350
11349
11348
11347
11347
11346
11344
11344
11343
11342
11342
11341
11340
11340
11339
11338
11337
11337
11336
11335
11335
11334
11333
11333
11332
11331
11330
11330
11329
11328
11328
11327
11326
11325
11325
11324
11323
11323
11322
11321
11320
11320
11319
11318
11318
11317
11316
11315
11315
11314
11313
11313
11312
11311
11310
11310
11309
11308
11307
11307
11306
11305
11305
11304
11303
11302
11302
11301
11300
11299
11299
11298
11297
11297
11296
11295
11294
11294
11293
11292
11291
11291
11290
11289
11288
11288
11287
11286
11285
11285
11284
11283
11282
11282
11281
11280
11279
11279
11278
11277
11276
11276
11274
11274
11273
11272
11271
11271
11270
11269
11268
11268
11267
11266
11265
11264
11264
11263
11262
11261
11260
11260
11259
11258
11257
11256
11256
11255
11254
11253
11253
11252
11251
11250
11249
11248
11248
11247
11246
11245
11244
11244
11243
11242
11241
11240
11240
11239
11238
11237
11236
11236
11235
11234
11233
11232
11231
11231
11230
11229
11228
11227
11227
11226
11225
11224
11223
11222
11222
11221
11220
11219
11218
11217
11217
11216
11215
11214
11213
11212
