175.14
174.9
174.43
174.38
174.52
174.43
174.48
175.33
176.76
177.38
177.57
177.81
178.57
178.86
178.38
178.24
178.67
178.33
177.1
175.9
175.57
175
174.57
174.33
174.57
174.95
175.14
175.1
174.14
173.57
173.43
173.29
173.43
173.38
173.38
173.05
173.05
172.9
173.9
175.05
175
174.33
174.19
174.1
173.81
173.62
173.62
173.19
172.43
171.52
171.57
172.52
173.52
173.38
173.38
173.05
173.1
173.19
173.14
173.19
173.29
173.33
172.76
172.33
172.38
173.14
174.1
174.05
173.81
174.05
173.67
173.29
173
173.14
173.24
173.29
172.95
172.67
172.86
173.43
173.95
174.57
174.81
174.9
175
175.1
174.86
174.86
175.52
175.86
175.67
175.43
175.29
175.14
175.48
175.29
174.95
174
173.48
172.95
172.38
172.43
172.9
172.95
173.19
173.1
173.71
174.29
175.43
176.05
176.81
177.33
177.62
177.86
177.9
177.76
177.52
177.38
177.19
176.67
176.43
176.14
175.38
174.9
174.38
174.05
173.62
172.95
172.48
172.05
171.43
171.19
171.43
171.43
172.05
172.71
173.1
173.62
174.05
173.71
174.1
174.38
173.67
173.05
172.43
171.48
171.62
171.76
172.19
172.76
173.14
172.62
173.24
174.33
175.38
175.24
175.14
174.71
174.71
174.76
174.81
175.19
176
175.57
174.95
174.71
175.19
175.1
175.14
174.67
174.14
173.9
173.76
173.29
174.1
174.9
175.24
175.33
175.19
174.76
174.71
174.9
175
174.71
173.76
172.43
171.81
171.24
171.14
171.48
172
172.52
172.76
172.81
173.24
173.76
174.14
174.33
174.95
175.71
175.38
175.86
175.62
176.1
176.29
176.52
177.1
176.86
176.95
176.52
176.43
176.29
175.9
175.76
175.14
174.33
174.1
174.1
174.24
174.71
174.71
174.38
174.29
174.38
174.52
175.1
175.9
175.57
175.14
174.71
174.9
175.29
175.81
176.29
176.81
176.52
176.38
176.67
177.62
178.67
178.48
178
177.86
177.29
176.62
176.57
176.24
176.19
176.05
175
175.05
175.1
174.81
174.57
174.57
173.86
173.62
173.38
172.71
172.48
171.81
171.14
170.76
171.05
171.24
171.38
171.67
172.24
172.57
172.43
172.52
173.52
173.67
173.29
172.9
172.9
172.95
172.67
172.81
173.24
173.29
173.24
172.86
173.19
174.14
174.62
174.33
174.38
174.05
173.57
173.33
173.33
173.19
173.38
173.1
172.43
172
171.67
171.52
171.05
170.9
171.1
170.95
170.62
170.62
169.95
170.1
170.9
171.67
172.19
173.1
174.38
174.14
173.76
173.57
173.48
173.57
172.48
171.86
171.57
172
171.52
172.1
173.29
173.81
174.86
176.24
177.81
178.86
179.38
179.48
178.67
177.76
176.52
176.1
175.57
175.29
174.76
174.33
174.05
173.1
173.57
174.24
174.52
174.43
174.57
174.33
173.76
173.19
173.19
173.62
173.57
173.24
173.33
173.19
173.76
174.05
173.76
173.71
174.19
173.95
173.9
174.14
173.67
173.95
174.33
174.33
174.86
175.71
175.43
175
175.1
174.9
174.76
175.14
174.76
174.33
174.33
174.24
175.24
175.86
176.33
176.67
176.33
175.62
175.19
176.57
176.81
177.05
176.76
175.29
175.14
174.81
175.24
176.05
176.24
174.95
173.24
172.9
172
171.95
171.67
172.05
172.1
171.43
171.71
172.57
173.95
174.67
174.19
174.76
175.62
175.19
174.67
174.86
175.71
175.86
176.1
175.81
175.62
175.95
175
174.67
175.05
174.62
173.57
172.43
171.95
171.19
171.57
171.81
171.95
172.52
172.48
172.33
172.52
172.9
173.1
173.38
173.71
173.86
174.52
174.9
175.19
175.67
175.86
175.71
175.62
176.05
175.9
176.1
175.24
175.19
175.05
175.48
176.33
177.19
177.9
177.86
178.19
178.29
178.19
178.48
178.38
178.05
177.62
177.14
176.76
176.86
176.38
175.9
176.19
176.52
177.05
177.43
177.48
176.67
176.71
176.76
177.48
177.9
177.86
177.95
177.76
176.67
176.57
176.43
176.29
175.9
175.29
175
174.43
174.1
174.05
174.33
174.76
175.1
175.81
176.1
176.38
176.71
177.29
177.57
177.95
178.48
179.38
180.95
181.43
181.05
180.71
180.52
179.48
179.19
178.81
178.29
177.48
176.1
174.43
174.48
174.14
174.05
174.14
174.67
174.48
174.38
173.57
173.52
174.19
174.57
174.19
174.05
174.24
174
174.1
174.62
175.43
176.38
175.95
175.9
176.19
176.86
177.14
176.71
176.81
177.1
177.33
176.9
177
177.24
176.71
176.86
176.95
177.1
176.52
176.24
175.43
174.57
174.33
174.14
174.14
174.86
175.62
175.52
175.86
176.19
175.9
176.9
177.81
177
175.95
174.86
172.95
171.05
170.43
169.38
169.48
169
167.71
167.76
168.38
168.71
169.19
169.81
170.71
172.14
172.48
172.57
172.95
172.9
172.86
173.19
173.43
173.9
174.86
175.38
175.9
176.81
177.52
178.29
178.62
179.29
178.52
178
176.9
175.14
173.29
172.14
171.48
170.81
170.1
168
166.81
166.71
166.57
166.81
167.71
166.76
165.33
164.62
164.1
164.48
165.33
165.67
166.14
167.43
167.76
167.67
168.86
169.29
168.67
168.24
168.76
168.71
168.52
167.67
166.71
165.9
166.24
166.24
166.29
166.81
166.19
165.81
165.24
165.24
165.71
166
166
166.14
166.86
167.67
168.33
169.1
169.81
171.43
172.71
172.52
172.76
172.48
171.95
171.38
171.29
171.24
170.71
169.95
168.43
167.76
168.71
169
168.48
167.52
167.33
167.52
167.1
167.24
167.1
166.24
165.48
164.52
165.62
167.19
167.71
167.76
167.19
166.86
166.86
168.24
169.43
169.1
168.52
167.38
167
165.52
164.52
165.1
165.86
165.71
165.05
164.67
165
165.24
165.38
165.95
167.71
168.81
169.24
168.62
168.57
169.19
169.95
171.9
172.62
173
173.48
173.76
173.95
173.81
173.57
173.57
172.71
170.81
169.1
168.48
168.33
168.05
167.76
167.1
167.43
166.9
166.67
166.9
167.81
168.52
168.24
167.81
167
166.14
165.9
165.86
165.81
165.57
165.1
164.9
165.24
165.29
164.71
165.1
166.62
167.43
168.14
168.71
169.24
170.33
170.62
170.43
170.9
171.24
170.1
169.52
169
168.05
167.9
167.57
167.29
167.9
168.14
168.24
169.1
169.67
169.33
169.43
169.38
169.67
169.19
168.71
168.14
167.86
168
167.67
167.48
168.1
168.81
169.14
169
169
168.86
169.14
169.29
169.57
170.14
170.62
170.86
171.33
171.76
171.43
171.19
170.86
169.86
169.14
168.38
167.95
167.67
167.81
167.29
167.67
168.29
168.62
169.29
169.95
170.95
171.14
171.29
170.9
170.67
170.24
170.1
170
170.33
170.62
170.43
170.33
170.81
171.19
170.9
170.71
170.76
170.86
170.81
170.33
170.38
170.62
170.95
170.05
169.24
169.33
169.67
170.1
170.29
171
171.57
172.14
171.95
172.1
173.38
174.29
174.1
174.52
174.48
174.19
174
172.81
171.95
172.38
172.81
172.29
173.1
173.86
173.67
173.95
174
174.67
175.67
175.95
175.24
174.76
175.14
174.81
174.38
174.24
174.05
173.76
173.71
173.38
173.86
175.14
175.38
175.24
175.43
175.57
175.57
175.86
176.05
176.71
177.38
177.19
177.38
177.86
177.95
179.14
179.57
179.43
179.1
178.29
177.9
177.52
177.33
176.57
176.48
176.14
174.81
174.29
174.62
174.76
174.76
174.48
175.1
174.38
174
173.52
173.14
172.29
171.67
171.57
171.57
170.95
168.86
166.81
166.76
167.24
168.38
169.71
170.9
170.52
170.62
170.24
170.57
171.95
172.86
172.95
171.81
170.48
170.14
170.33
170.95
171.19
172.14
172.81
174.33
175.57
175.33
175.81
176.24
176.19
175.48
174.95
174.57
174.1
173.43
172.67
172.52
173.33
174.38
174.95
175.48
175.95
175.71
176.05
176.71
176.76
176.1
175.48
175.1
174.86
175
174.9
175.14
176.1
176.19
175.38
174.52
174.9
174.76
173.38
172.57
172.52
171.14
171.29
170.76
170.95
170.52
170.71
170.29
170.33
171.19
171.43
171.71
171.43
171.1
171.05
170.14
169.95
169.81
170.24
170.52
170.52
169.9
169.57
169.19
168.43
167.86
168.05
167.57
167.52
167.29
166.86
167.67
167.95
168.43
169.1
169.52
170.86
171.95
171.67
171.48
171.76
170.67
169.86
170.81
171.29
171.43
171.81
171.38
171
171.52
171.29
171.48
171.43
172.19
171.19
170.95
169.62
169.52
170.29
170.19
170.19
170.9
170.9
170.76
171.52
171.62
171.57
171.14
170.86
171.38
172.19
171.76
171.81
170.81
169.24
168.81
168.81
169.29
169.24
169
168.67
167.9
166.38
165.76
166.62
167.43
167.71
167.29
167.19
167.29
166.14
166.48
166.81
167.67
168.71
168.19
167.81
167.81
168.24
168.1
168.57
169.19
168.52
169.29
168.43
167.43
167.52
167.95
167.52
168.19
167.48
166.29
166.57
166.81
167.76
169.52
170.29
169.95
170.86
171.95
172.24
173.43
174.24
175.29
175.05
173.48
172.95
172.81
171.9
170.29
169.38
168.9
168.52
167.29
166.14
166.86
167.24
167.19
167.9
169.05
169.76
169.81
171.1
171.86
171.9
171.76
171.9
172.71
173.38
173.38
173.62
173.24
173
172.1
171.81
171.81
171.62
171.29
170.81
170
169.29
169.76
169.9
169.29
170.1
170.52
170.67
170.48
170
170.33
170.33
170.33
169.1
169
169.43
169.67
170.76
171.9
172.86
173
172.62
173.05
173.33
174.19
173.43
172.95
171.9
170.9
170.38
170.05
170.57
170.86
171.14
171.24
171.86
172.38
173.19
174.24
174.33
174.48
174.62
174.38
174.62
174.38
174.24
174
173.9
173.57
173.19
172.57
172.05
172.14
172.1
172.14
172.9
173.14
173.24
172.81
172.86
173.48
174.05
174.19
174.05
174.62
173.43
173.29
174.71
175.95
176.62
176.86
176.81
177.67
177.43
177.1
178
178.86
178.1
176.71
175.62
174.57
173.9
173.14
173.05
173.33
173.71
173.48
173.43
173.67
174.14
173.9
173.86
173.67
173.29
173.57
172.9
172.95
172.67
172.14
171.57
171.62
171.76
171.57
171.33
171.1
171.19
170.9
170.14
169.9
170.52
171
171.76
172.52
172.9
173.19
173.05
172.38
172.57
172.95
173.43
173
173
172.52
173.14
173.62
174
174.38
174.76
175.19
175.05
174.86
174.19
173.95
173.48
172.95
172.38
171.95
171.33
170.62
170
169.86
170.19
170.14
170.14
169.76
169.76
169.95
170.33
170.81
170.81
171.48
171.05
170.52
171.1
171.1
171
170.76
170.67
169.86
169.71
169.29
169.29
169.62
169.81
169.9
170.76
171.81
172.95
174
174.86
175.52
175.38
175.86
175.86
175.67
175.71
175.57
175.38
175.1
175.19
175.24
175.52
176
176.62
177
177.14
177
177
176.67
176.38
176.19
176.1
176.29
175.81
175.29
174.57
174.62
174.57
174.24
174.19
173.9
173.76
173.52
173.14
172.95
173.05
173.14
172.19
171.52
171.05
170.24
169.81
169.1
168.24
167.86
168.33
168.05
168.1
167.81
167.86
167.67
166.9
166.52
166.71
167.05
167.38
167.48
167.76
168.38
169.05
168.71
169.48
169.86
168.67
168.76
168.33
168.1
167.48
166.48
166.38
166.76
167.1
167.1
168.95
170.19
170.33
170.67
170.52
170.81
171.1
171.24
171.76
172.38
172.19
171.9
171.81
171.86
171.95
172.43
171.95
171.71
171.33
171.05
171.19
171.05
171.38
170.95
171.05
171.19
172.81
173.95
174.62
174.95
175.38
176.1
176.38
176.33
176.62
176.29
175.29
174.62
174.24
173.76
172.95
172.05
171.19
170.81
171.05
170.95
171.19
171.57
172
172.52
173.05
173.62
174.24
174.95
175.52
175.29
174.9
174.33
173.71
173.38
173.29
172.71
172.19
171.95
171.86
171.76
172.05
172.67
173.05
172.57
171.33
170.14
169.67
168.71
167.19
165.9
165.86
165.9
166.1
166.29
167.1
167.76
167.86
167.62
168.43
169.24
169.52
170.14
169.48
169.14
168.24
168.14
168.29
169.76
170.62
171.24
171.14
171.05
171.05
172
171.57
171.52
171.81
171.48
171.29
170.62
170.43
170.95
170.95
170.19
170.76
171.19
171.48
171.24
171.43
171.81
172.14
171.29
170.05
170.05
170.05
170.81
171.1
171.76
172.14
171.9
171.71
171.9
172.9
174.05
174.14
173.62
172.76
172.24
171.29
171.05
170.9
170.38
170
169.19
168.1
167.76
167.95
168.29
168.9
169.43
169.52
169.86
170.9
171.76
173
174.05
173.81
173.76
173.81
173.71
173.86
174.95
175.1
174.86
174.33
173.29
172.9
172.67
173.38
174.81
175.95
175.52
174.71
175.05
175.1
175.52
175.38
176
176.48
175.33
173.67
172.1
171.52
170.48
169.62
168.19
167.76
167.86
167.19
167.38
167.71
168.33
169.33
169.81
170.33
171.43
171.76
172.1
172.29
171.95
171.62
171.86
171
171.05
171.29
170.57
170.05
169.67
169.38
169
169.1
169.48
169.48
170.29
170.1
169.95
170.86
171.38
171.9
171.76
171.67
171.38
171.24
171.19
171.52
171.95
172.48
172.57
173.38
174.29
175.33
175.52
175.9
176.38
175.81
175.52
175.33
175.29
175.05
174.14
173.67
173.43
173.19
172.95
173.76
173.95
173.67
173.67
173.48
173.48
173.24
173.52
173.62
173.62
172.9
172.52
172.81
173
172.86
172.81
173.29
173.81
173.71
173.52
173.67
174.62
174.52
173.76
173.81
174
174.1
174.14
173.52
173.48
173.57
173.05
172.62
173.43
173.9
174
173.52
173.29
172.67
172.33
171.86
171.14
170.81
170.24
169.43
168.57
168.14
167.57
167.81
168.38
169.38
169.57
169.76
169.57
169.62
170.19
170.43
171
171.19
171.38
171.1
170.76
170.9
170.86
171.33
171.52
171.24
171.62
171.48
171.86
171.86
172.19
172.33
172.14
171.52
170.86
169.19
168.67
167.52
165.14
163.86
163.14
162.67
162.43
162.48
162.43
162.33
162.52
162.14
162.19
163.38
164
163.62
163.76
164.48
164.57
165.57
166.95
167.1
168.1
168.9
168.62
169.29
168.86
168.48
168.19
168.24
167.95
168.43
169.14
169.71
170.19
170.29
169.81
169
169.19
169.62
169.57
169.29
169.33
168.9
168.19
167.38
167
167.43
168
167.76
167.95
168.24
168.24
168.05
168.67
169.71
170.81
171.05
171.19
171.52
171.95
172.19
172.14
172.1
172.19
171.62
171.05
171.33
171.52
171.52
170.48
169.43
169.1
169.62
170.33
170.38
169.62
168.52
168
167.62
167.67
168.52
168.57
168.62
167.43
167.19
168
169
169.52
169.86
169.52
169.05
168.76
168.71
169.67
170.29
169.81
169.76
170.62
170
169.1
169.52
168.81
168.95
168.24
167.29
166.33
166.48
166.05
165.95
166.86
167.67
168.29
168.76
168.71
169.14
169.29
169.29
169.29
169.1
169.19
168.57
168.67
168.29
167.57
167.33
168.24
169.33
169.38
168.62
169.14
169.29
169.24
169.52
169.76
170.52
170.81
169.76
169.57
169.95
170.24
169.57
169.95
170.24
170.95
170.95
170.33
170.05
170.1
170.14
170.52
170.9
171.52
171.76
171.57
171.38
172.05
171.86
171.62
171.52
171.57
171.19
170.48
169.62
169.33
169.14
168.76
168.38
168.76
168.71
168.24
167.95
168.62
169.38
169.57
170
170.19
170.76
171.52
171.05
171.33
171.71
171.24
170.81
170.95
170.62
170.29
170.29
169.9
169.86
170.48
171
171.52
172.33
172.43
171.52
170.9
170.9
171.05
170.9
171
170.81
170.1
170.05
169.67
170.38
171.29
171.76
171.76
171.81
172.48
171.76
171.76
171.52
171.57
171.48
171.43
172
172.52
172.62
172.05
172.38
172.81
172.9
172.81
172.48
172.57
172.24
171.67
171.48
172.24
171.76
171.48
171.76
171.76
172.48
173.05
173.14
173.19
173.24
172.95
173.05
173.48
173.62
173.29
172.95
172.24
172.33
172.33
172.1
171.86
171.76
171.81
171.29
171.71
171.67
172.14
172.05
171.86
171.95
172.1
171.95
171.9
172.52
172.38
172.95
173.24
172.95
173.19
173.52
173.95
174.19
174.29
173.57
173.14
172.9
172.76
173
172.52
172.19
171.67
171.14
170.81
170.76
170.9
170.62
170.43
170.19
170.33
170
170.19
170.38
170.48
170.24
169.81
169.86
170.19
169.86
169.33
169.33
170.05
169.95
170.38
170
170.57
170.9
171.19
171
171.95
173.14
173.71
174
173.95
174.43
175.86
175.52
175.57
175.05
173.86
172.67
172
171.71
172
172.19
171.52
171.1
171
171.48
172.1
173.24
173.62
172.81
171.52
171.38
171.38
170.95
171
170.86
170.9
171
171.29
171.48
171.81
172.05
171.81
172
172.1
171.71
171.29
171
170.76
170.05
170.1
170.71
171.33
171.62
172.24
173
173.81
174.14
174.24
175.33
176.05
176.33
175.19
174.1
173.24
172.19
171.57
171.05
170.95
170.76
170.43
170.05
170.43
170.05
170.33
171.05
171.76
171.9
172.05
172.05
171.9
172.38
172.95
174.1
175.52
175.95
175.9
176.1
176
175.95
175.95
175.48
175.38
174.67
173.86
173.48
173.05
173.33
173.24
173.1
173.05
172.95
173.67
173.38
173.76
173.48
173.76
173.62
172.52
172.38
172.67
172.62
172.57
171.9
171.43
